99
10 1 5
10 6 1 2 3 4 6 9
10 5 1 4 5 7 10
10 4 2 5 6 8
10 7 1 2 4 5 6 9 10
10 7 2 3 4 5 6 7 9
10 10 1 2 3 4 5 6 7 8 9 10
10 7 1 4 5 7 8 9 10
10 8 1 2 3 5 7 8 9 10
10 9 1 2 3 4 5 6 8 9 10
10 5 3 4 6 7 9
10 6 3 5 6 8 9 10
10 5 1 2 5 7 10
10 8 1 2 3 5 7 8 9 10
10 6 3 4 7 8 9 10
3 2 1 2
10 1 2
10 1 4
10 5 1 3 6 8 9
10 5 2 7 8 9 10
10 5 2 5 8 9 10
10 10 1 2 3 4 5 6 7 8 9 10
10 4 1 5 8 9
10 3 2 6 10
10 5 2 4 6 9 10
10 7 1 3 4 5 7 8 9
10 7 2 3 5 6 7 9 10
10 1 6
10 2 4 10
10 5 1 2 5 9 10
10 3 3 4 7
10 9 1 2 3 5 6 7 8 9 10
10 2 1 9
10 6 4 6 7 8 9 10
10 5 3 7 8 9 10
10 6 2 5 7 8 9 10
10 6 5 6 7 8 9 10
10 2 3 9
10 7 3 4 5 7 8 9 10
10 7 2 3 4 5 6 9 10
10 6 1 3 4 6 7 9
10 1 4
10 5 4 5 7 9 10
10 3 2 7 9
10 7 1 2 3 4 6 9 10
10 6 3 5 7 8 9 10
10 5 2 5 6 9 10
10 7 2 3 4 5 7 9 10
10 4 2 6 7 9
10 5 1 2 3 7 8
3 1 3
10 10 1 2 3 4 5 6 7 8 9 10
10 6 4 5 6 8 9 10
10 5 2 5 7 9 10
10 10 1 2 3 4 5 6 7 8 9 10
10 1 9
10 6 2 4 7 8 9 10
10 7 2 3 4 5 6 9 10
10 4 2 3 6 9
10 7 2 3 4 5 6 8 10
10 5 4 6 7 9 10
10 4 2 5 9 10
10 3 3 8 10
10 6 3 4 6 8 9 10
10 6 2 3 7 8 9 10
10 5 2 4 7 9 10
10 4 2 7 8 9
10 6 2 6 7 8 9 10
10 5 2 3 8 9 10
10 10 1 2 3 4 5 6 7 8 9 10
10 4 2 3 5 8
10 6 2 3 6 8 9 10
10 5 1 3 4 7 9
10 9 1 2 3 4 5 6 7 9 10
10 5 2 5 7 9 10
10 6 2 4 6 8 9 10
10 7 1 2 3 4 8 9 10
10 10 1 2 3 4 5 6 7 8 9 10
10 5 3 6 7 9 10
10 5 2 6 7 9 10
10 6 3 5 6 8 9 10
10 6 1 2 3 4 5 8
10 3 5 6 10
10 7 1 2 3 7 8 9 10
10 4 1 5 6 8
10 9 1 2 3 5 6 7 8 9 10
10 3 5 8 10
10 1 6
10 6 2 5 6 8 9 10
10 4 2 7 8 10
10 6 4 5 7 8 9 10
4 2 2 3
10 8 1 2 3 5 7 8 9 10
10 2 1 8
10 9 1 2 3 4 5 6 7 8 9
10 6 3 6 7 8 9 10
10 6 2 4 5 8 9 10
10 8 1 2 3 5 6 8 9 10
10 6 1 2 4 6 8 9
